400 800
19 20 418 225
175 130 320 237
398 399 419 375
341 342 881 393
161 24 372 502
126 125 609 175
275 276 278 280
377 178 462 190
53 104 590 340
91 288 728 584
279 278 446 843
1 207 254 807
235 387 120 368
44 43 304 176
392 332 410 774
11 342 149 477
158 159 873 845
305 304 676 627
364 365 276 561
165 183 400 186
46 168 594 143
57 58 689 116
36 35 874 428
82 83 183 772
129 372 545 296
60 59 177 886
89 389 540 291
58 224 888 136
202 201 645 188
215 216 796 841
351 350 810 496
226 227 857 721
293 344 303 842
112 301 440 302
112 111 505 526
6 5 477 246
265 63 730 191
221 77 501 392
337 236 381 335
37 257 490 268
193 315 705 347
396 397 154 457
39 290 684 697
303 302 816 360
198 155 427 552
176 175 232 302
314 315 680 431
208 207 754 567
361 283 546 801
8 7 345 456
363 362 691 229
38 339 102 854
292 141 436 338
374 373 863 640
396 389 274 627
87 88 710 174
240 241 242 681
326 126 244 247
310 311 734 112
47 386 559 382
285 386 578 660
213 73 265 236
201 351 824 796
91 318 482 814
169 90 131 236
300 243 369 233
226 181 751 401
336 181 778 671
148 289 603 895
32 175 790 644
219 220 193 502
52 78 731 273
267 268 601 895
47 48 178 705
22 21 699 246
301 300 881 334
382 399 353 198
101 58 202 272
51 213 731 185
244 254 894 525
391 191 309 215
195 196 791 381
254 253 459 438
300 299 736 826
86 316 693 644
41 363 851 559
29 30 420 546
347 348 387 428
221 66 764 766
47 92 251 706
216 326 768 565
170 122 431 529
10 9 624 481
56 55 165 289
134 186 179 723
142 143 541 175
295 296 212 683
283 284 120 839
375 48 776 736
294 149 239 635
352 89 792 271
335 104 322 386
17 232 516 269
78 77 495 754
224 237 712 898
220 30 109 248
109 108 817 215
175 174 164 518
398 67 230 262
76 75 881 555
138 105 735 768
96 97 175 831
261 260 860 201
277 276 138 720
19 18 833 149
177 178 142 702
156 138 284 675
268 151 783 818
16 6 333 698
253 397 172 360
154 153 140 842
110 111 717 547
30 181 422 251
81 169 194 757
191 192 489 415
97 98 245 641
124 199 415 117
236 325 809 777
49 104 344 474
298 299 116 610
281 282 420 612
55 26 699 841
339 167 756 280
89 286 867 579
2 241 388 216
359 360 529 858
101 100 666 474
291 387 201 256
321 320 802 626
388 317 239 518
168 140 623 252
274 76 814 642
363 364 712 467
228 227 768 224
337 381 142 161
124 276 708 124
243 211 670 396
79 80 858 756
162 161 173 462
341 359 140 339
255 254 811 133
205 210 645 830
375 397 287 197
310 247 454 120
182 285 265 661
326 322 807 513
221 222 610 515
91 92 161 855
186 81 397 886
178 368 536 265
2 28 283 841
333 334 398 521
184 137 721 170
378 377 778 539
163 162 379 498
315 83 470 571
104 103 268 565
264 265 354 568
196 197 222 440
367 368 315 423
330 331 664 673
33 26 564 697
268 6 728 878
8 54 537 180
299 344 551 746
101 138 758 507
86 252 112 609
397 58 629 377
262 261 259 334
51 144 216 535
326 343 742 497
239 240 860 586
179 9 270 381
338 45 229 310
116 244 472 389
381 96 585 558
204 140 435 358
10 251 664 117
166 167 586 610
288 66 376 338
14 65 138 831
16 231 572 263
99 100 665 226
246 245 819 344
231 232 131 231
183 184 341 227
360 361 391 320
124 61 720 726
168 169 218 311
109 387 601 769
388 86 327 151
259 260 443 569
238 239 728 671
210 211 747 207
29 28 812 227
70 69 536 775
305 201 457 169
228 60 623 551
143 43 736 882
14 13 201 568
76 254 129 876
65 66 809 282
106 105 164 822
305 247 535 832
284 28 305 553
267 266 540 386
198 197 246 117
79 78 863 768
328 287 474 417
258 29 287 697
306 62 496 664
326 7 586 122
372 55 332 199
271 46 310 388
72 73 426 799
171 35 700 755
189 188 786 694
337 338 665 641
337 336 886 472
266 12 856 164
245 343 500 673
49 298 626 165
375 38 406 629
387 386 510 148
315 316 595 523
110 335 418 185
1 114 634 874
153 204 367 356
243 244 636 579
51 337 326 166
41 42 236 127
171 170 188 568
252 253 160 350
85 84 853 650
390 287 166 328
291 290 856 292
101 102 527 887
280 281 503 866
93 92 196 490
102 103 637 183
94 93 130 797
238 237 787 423
341 61 867 393
397 379 212 132
26 46 440 417
285 284 674 212
365 369 389 252
24 25 168 577
143 233 120 868
147 ...snip...  801 540
255 161 352 134
348 349 136 233
73 74 765 881
344 151 244 182
341 340 688 464
349 350 137 707
180 181 246 218
268 269 169 411
203 60 158 382
381 382 342 396
337 395 449 840
147 146 150 616
168 167 109 785
53 52 821 599
392 393 591 491
287 286 285 781
83 95 105 803
246 247 662 169
292 291 668 164
326 3 373 155
44 45 819 466
139 138 643 578
281 172 715 790
323 324 828 860
46 1 148 786
246 347 119 533
167 298 582 227
172 171 801 193
398 26 667 367
46 311 720 315
394 201 605 105
202 203 816 227
279 393 245 700
323 281 289 165
131 132 571 513
145 294 643 871
186 250 847 192
166 165 684 497
145 189 296 818
305 306 640 740
327 75 746 366
208 209 411 188
162 156 120 177
76 26 428 102
54 55 891 626
327 328 268 293
52 380 110 100
32 33 160 108
187 228 626 889
40 316 796 439
256 392 527 343
288 287 760 650
8 305 292 446
339 338 353 385
288 289 430 196
31 305 179 111
321 27 281 851
124 221 719 806
250 249 804 549
198 1 878 388
242 241 578 264
283 282 123 285
253 128 159 446
366 103 751 359
345 247 780 285
117 340 152 857
204 130 469 420
126 127 854 322
291 198 308 232
294 230 448 265
43 215 651 524
41 40 175 536
275 133 573 572
6 7 244 721
51 50 213 216
338 381 371 194
261 335 327 397
103 399 367 166
323 322 144 760
90 91 796 835
120 168 606 822
29 339 845 296
163 70 219 422
331 332 829 645
308 307 134 374
294 295 465 335
178 336 280 306
186 187 606 585
55 187 809 294
192 193 587 505
63 64 182 322
254 395 636 697
198 199 521 355
282 23 534 448
76 78 210 615
118 117 327 872
164 163 659 890
27 28 373 294
252 105 450 113
217 216 654 221
128 137 167 800
137 138 617 635
162 205 536 203
332 333 651 241
303 304 377 262
379 378 319 682
249 248 468 588
113 112 247 264
9 8 191 516
58 39 861 367
173 172 344 824
379 183 145 367
379 380 132 437
164 72 594 178
161 160 555 630
346 345 361 325
98 314 183 502
123 228 213 693
129 128 491 151
395 396 241 847
385 21 194 798
179 178 615 821
134 62 521 501
182 317 813 784
296 91 540 745
155 154 376 159
115 114 761 578
37 38 786 443
3 4 661 221
325 324 427 640
26 27 289 249
86 372 756 244
92 95 442 510
124 24 680 824
263 62 224 232
152 151 731 278
68 195 358 612
194 193 609 298
280 108 484 786
400 395 748 429
62 221 421 101
309 49 292 593
365 91 516 454
256 255 494 404
386 385 512 725
400 114 761 603
377 37 846 248
236 235 431 246
78 94 416 785
133 132 387 251
374 92 703 650
47 46 296 466
264 263 424 305
34 97 751 444
354 136 219 726
34 35 838 597
121 120 810 828
228 229 795 295
39 269 215 164
329 328 644 353
227 334 434 501
164 165 482 366
343 342 853 496
36 37 574 618
398 286 525 818
278 107 487 526
258 3 887 239
182 183 190 267
331 262 141 518
121 122 730 785
366 367 268 376
112 226 811 674
243 242 176 339
303 58 196 292
71 200 378 360
113 114 732 784
252 76 637 134
273 363 305 302
22 23 291 651
258 174 632 272
270 269 130 307
133 115 819 836
313 314 200 302
143 87 863 787
233 234 339 153
229 230 815 740
2 399 354 720
151 39 433 681
399 341 828 897
200 201 398 598
250 375 870 172
344 343 685 795
39 40 727 227
376 377 322 771
353 352 102 334
87 86 561 578
152 52 564 788
194 351 763 295
90 89 534 448
272 271 294 778
369 368 243 342
73 329 102 185
56 338 591 715
337 366 830 274
10 288 602 371
332 281 655 417
35 315 660 523
140 46 888 353
177 373 784 658
214 215 772 553
321 322 872 327
88 89 499 489
247 28 144 631
188 139 717 492
50 346 556 843
148 149 157 429
339 340 574 700
138 204 509 891
61 62 515 883
307 306 447 331
69 68 562 346
85 86 616 183
76 77 143 853
209 398 508 505
53 54 865 355
295 394 160 221
392 292 535 735
213 212 194 220
148 163 175 541
49 239 234 455
55 266 504 663
85 267 220 216
351 352 807 829
206 283 825 747
194 195 315 584
110 109 417 781
251 284 414 821
234 245 517 500
236 237 724 203
140 90 865 813
141 142 796 335
305 128 491 560
95 94 397 750
274 275 273 631
390 389 173 181
27 274 507 617
66 67 846 751
155 156 231 157
286 11 539 691
158 261 306 411
94 377 395 163
357 356 111 145
312 314 657 134
124 307 113 884
24 23 169 304
331 240 256 376
232 233 623 567
112 304 538 680